min_late <- c(119, 127, 142, 146, 
              142, 158, 143, 178, 
              133, 136, 148, 124, 
              133, 148, 152, 154, 
              154, 155, 126, 148)
